4294967279,63
4294967279,62
4294967279,61
4294967279,60
4294967279,71
4294967279,70
4294967279,69
4294967279,68
4294967279,67
4294967279,66
4294967279,65
4294967279,64
4294967278,296
4294967278,177
4294967278,176
4294967279,87
4294967279,86
4294967279,85
4294967279,84
4294967279,83
4294967279,82
4294967279,81
4294967279,80
4294967279,79
4294967279,78
4294967279,77
4294967279,76
4294967279,75
4294967279,74
4294967279,73
4294967279,72
4294967279,284
4294967278,295
4294967278,173
4294967279,115
4294967279,114
4294967279,113
4294967279,112
4294967279,111
4294967279,110
4294967279,109
4294967279,108
4294967279,107
4294967279,106
4294967279,105
4294967279,104
4294967279,103
4294967279,102
4294967279,101
4294967279,100
4294967279,99
4294967279,98
4294967279,97
4294967279,96
4294967279,95
4294967279,94
4294967279,93
4294967279,92
4294967279,91
4294967279,90
4294967279,89
4294967294,119
4294967278,170
4294967278,162
9,4
4294967278,161
9,3
9,2
9,1
4294967278,294
4294967294,428
4294967278,160
4294967278,159
8,5
4294967278,158
8,4
8,3
8,2
8,1
4294967278,157
4294967278,156
4294967278,155
7,5
7,4
4294967278,154
7,3
7,2
7,1
4294967278,293
4294967278,153
4294967294,89
4294967294,1002
4294967278,152
6,5
4294967278,151
6,4
6,3
6,2
6,1
4294967279,283
4294967278,150
4294967294,392
4294967294,389
4294967294,390
4294967278,37
4294967278,31
4294967278,30
4294967278,29
4294967278,28
4294967278,27
4294967278,26
4294967278,25
4294967278,24
4294967278,23
4294967278,22
4294967278,21
4294967278,20
4294967278,19
4294967278,18
4294967278,17
4294967278,16
4294967278,14
4294967278,13
4294967278,12
4294967278,11
4294967278,10
4294967278,9
4294967278,264
4294967278,8
4294967278,7
4294967278,6
4294967278,5
4294967278,4
4294967279,132
4294967279,131
4294967279,130
4294967279,129
4294967279,128
4294967279,127
4294967279,126
4294967279,125
4294967279,124
4294967279,123
4294967279,122
4294967279,121
4294967279,120
4294967279,119
4294967279,118
4294967279,117
4294967279,116
4294967279,22
4294967279,18
4294967279,17
4294967279,16
4294967279,14
4294967279,13
4294967278,149
4294967294,439
4294967279,282
4294967278,292
4294967278,36
4294967279,281
4294967278,291
4294967278,35
4294967279,280
4294967278,290
4294967278,34
4294967279,279
4294967278,289
4294967278,32
4294967294,9
4294967278,144
4294967278,288
4294967278,33
4294967279,278
4294967294,31
4294967278,143
4294967294,50
4294967294,15
4294967294,169
4294967278,139
4294967278,138
4294967294,112
4294967294,161
4294967294,180
4294967278,281
4294967278,136
4294967278,135
4294967278,134
4294967294,81
4294967278,133
4294967279,277
4294967278,277
5,4
4294967279,276
4294967279,20
5,3
5,2
5,1
4294967279,19
4294967278,274
4294967294,155
4294967294,418
4294967294,187
4294967294,471
4294967279,270
4294967278,15
4294967278,273
4294967279,269
4294967278,270
4294967278,272
4,5
4294967279,268
4,4
4294967278,271
4,3
4,2
4,1
4294967278,287
4294967279,267
4294967294,394
4294967279,266
4294967278,286
4294967279,265
3,5
3,4
4294967279,264
3,3
3,2
3,1
4294967279,263
4294967279,260
4294967294,107
4294967278,285
4294967294,7
4294967279,262
4294967294,6
4294967294,94
4294967294,93
4294967294,96
4294967294,95
2,5
4294967279,261
2,4
2,3
2,2
2,1
4294967279,259
4294967294,8
0,7
4294967294,38
4294967294,37
4294967294,40
4294967294,393
4294967294,45
4294967294,44
4294967294,424
4294967294,53
4294967294,416
4294967294,129
4294967294,29
4294967294,414
4294967294,92
4294967294,91
4294967294,90
4294967294,88
4294967294,87
4294967294,86
